Current,Voltage,SOC,Temperature,Time
0.0,2.019372,0.0,38.394264,0.0
0.3126005727272727,2.034606,1.5147144336363634e-06,38.394264,0.0026100000002770686
0.4777734909090908,2.0470028,1.5147144336363634e-06,38.394264,0.0029850000001412505
0.6925409454545454,2.0681534,1.5147144336363634e-06,38.394264,0.003321666666791619
0.8561949272727273,2.0870733,1.5147144336363634e-06,38.394264,0.0037000000001474595
0.964254909090909,2.1013641,1.5147144336363634e-06,38.394264,0.0038950000001932495
1.0700225454545456,2.1166611,1.5147144336363634e-06,38.394264,0.004068333333513389
1.233863818181818,2.1413755,1.5147144336363634e-06,38.394264,0.004446666666869229
1.3408140909090907,2.1589432,1.5147144336363634e-06,38.394264,0.004636666666677532
1.4489295454545452,2.1778078,1.5147144336363634e-06,38.394264,0.004815000000235159
1.665177818181818,2.2170506,1.5147144336363634e-06,38.394264,0.005204999999841675
1.7201649090909088,2.2276716,1.5147144336363634e-06,38.394264,0.0054033333333791235
1.8274896363636364,2.2487812,1.5147144336363634e-06,38.394264,0.005576666666699263
1.9346549090909086,2.2705345,1.5147144336363634e-06,38.394264,0.0057750000002367114
2.0440153636363636,2.2926903,1.5147144336363634e-06,38.394264,0.005953333333309274
2.0972650909090906,2.3039274,1.5147144336363634e-06,38.394264,0.006146666666609235
2.2044961818181816,2.3266096,1.5147144336363634e-06,38.394264,0.0063233333334210325
2.312386272727273,2.3495712,1.5147144336363634e-06,38.394264,0.006538333333446644
2.421427636363636,2.3727417,1.5147144336363634e-06,38.394264,0.006730000000000776
2.529248363636363,2.3960028,1.5147144336363634e-06,38.394264,0.006911666666564997
2.5828933636363636,2.4075022,1.5147144336363634e-06,38.394264,0.007103333333604193
2.6905614545454544,2.4307594,1.5147144336363634e-06,38.394264,0.007283333333422585
2.799197090909091,2.453434,1.5147144336363634e-06,38.394264,0.007445000000006985
2.8538651818181817,2.4647732,1.5147144336363634e-06,38.394264,0.007643333333544433
2.9612072727272722,2.486454,1.5147144336363634e-06,38.394264,0.007816666666864572
3.0700752727272724,2.5076246,1.5147144336363634e-06,38.394264,0.008014999999916957
3.1776254545454545,2.5275126,1.5147144336363634e-06,38.394264,0.008191666666728754
3.3406552727272723,2.5551176,1.5147144336363634e-06,38.394264,0.008611666666790066
3.447296818181818,2.5714979,1.5147144336363634e-06,38.394264,0.00879166666660846
3.556490818181818,2.5865946,1.5147144336363634e-06,38.394264,0.00898499999990842
3.6648524545454544,2.6003351,1.5147144336363634e-06,38.394264,0.009165000000211875
3.8261795454545453,2.6189489,1.5147144336363634e-06,38.394264,0.009540000000076059
3.9338753636363633,2.6299124,1.5147144336363634e-06,38.394264,0.00972999999988436
4.0421676363636365,2.6403093,1.5147144336363634e-06,38.394264,0.009910000000187817
4.205429727272727,2.6542797,1.5147144336363634e-06,38.394264,0.01027166666657043
4.367335909090909,2.6669865,0.0003187721641609091,38.394264,0.01063999999993636
4.582196999999999,2.6824818,0.0003187721641609091,38.394264,0.011010000000048118
4.744966636363636,2.6931849,0.0003187721641609091,38.394264,0.01135333333319674
4.961176818181817,2.706296,0.0003187721641609091,38.394264,0.011725000000054327
5.231895454545454,2.7216511,0.0003187721641609091,38.394264,0.012324999999934031
5.340156545454545,2.7316666,0.0003187721641609091,38.394264,0.012858333333376019
5.338717363636363,2.7418156,0.0003187721641609091,38.394264,0.014085000000098566
5.339934636363636,2.7527151,0.0003187721641609091,38.394264,0.016250000000097013
5.395240818181818,2.7647028,0.0003187721641609091,38.394264,0.01876333333348157
5.393787727272726,2.7748795,0.0003187721641609091,38.394264,0.021408333333480793
5.393787727272726,2.7748795,0.0003187721641609091,38.317848,0.021410000000226623
5.393219,2.7851782,0.0003187721641609091,38.317848,0.0242516666665324
5.395105545454546,2.7955542,0.0017937984187063635,38.317848,0.0272583333333993
5.395154090909091,2.8059282,0.0017937984187063635,38.317848,0.0302966666664967
5.393433999999999,2.816287,0.0017937984187063635,38.317848,0.03352833333337912
5.393711454545453,2.8265667,0.0017937984187063635,38.317848,0.036894999999882806
5.395865,2.8370171,0.0017937984187063635,38.317848,0.040271666666861466
5.395029272727272,2.8471317,0.003280529782342727,38.317848,0.04382666666691269
5.394491727272727,2.8573141,0.003280529782342727,38.317848,0.04739666666670625
5.3943390909090905,2.8673687,0.003280529782342727,38.317848,0.05129499999990609
5.395448818181817,2.8775454,0.003280529782342727,38.317848,0.05519166666684517
5.395122909090908,2.8878069,0.003280529782342727,38.317848,0.05934333333328444
5.396395636363636,2.8979588,0.005074406509615454,38.317848,0.06374000000020412
5.395712454545454,2.908061,0.005074406509615454,38.317848,0.06816499999986263
5.395712454545454,2.908061,0.005074406509615454,38.275234,0.06816666666660846
5.395219999999999,2.9183187,0.005074406509615454,38.275234,0.07300499999983004
5.395972545454545,2.9283648,0.006335814418706363,38.275234,0.07779833333333955
5.395896181818181,2.9384451,0.006335814418706363,38.275234,0.08297333333321148
5.395261636363635,2.9486008,0.006335814418706363,38.275234,0.0882583333334575
5.396412909090909,2.9587622,0.006335814418706363,38.275234,0.09363333333361273
5.3971065454545455,2.9688435,0.008261251873251819,38.275234,0.09929666666672952
5.397009454545454,2.9790154,0.008261251873251819,38.275234,0.1053116666667241
5.396496181818182,2.9890804,0.009351072600524545,38.275234,0.11137666666666822
5.396728545454545,2.9992275,0.009351072600524545,38.18861,0.11777833333326271
5.396423363636363,3.0094185,0.009351072600524545,38.18861,0.12451333333350097
5.397529636363636,3.0194941,0.011144413509615453,38.18861,0.13128833333321382
5.396565545454545,3.0297537,0.011144413509615453,38.18861,0.13854166666666667
5.396419909090909,3.039835,0.012464185327797273,38.18861,0.1460083333333993
5.397123818181818,3.0499153,0.012464185327797273,38.18861,0.15368499999992005
5.397487999999999,3.06005,0.013884030782342727,38.18861,0.16167166666661312
5.399048545454545,3.0703087,0.013884030782342727,38.18861,0.1700500000001436
5.399048545454545,3.0703087,0.013884030782342727,38.134178,0.1700516666668894
5.398712181818182,3.0804081,0.01540042805507,38.134178,0.17854333333331548
5.398316818181818,3.0905437,0.01540042805507,38.134178,0.18776833333346682
5.397210545454545,3.1006174,0.017061160782342728,38.134178,0.19703833333333023
5.396683454545454,3.1108208,0.017061160782342728,38.134178,0.20680500000016763
5.399423090909091,3.121089,0.01885174714597909,38.134178,0.21693833333362514
5.399423090909091,3.121089,0.01885174714597909,38.089664,0.21693999999988592
5.399180363636363,3.1311636,0.01979166805507,38.089664,0.22742999999997363
5.3983029090909085,3.1412315,0.01979166805507,38.089664,0.23825499999996586
5.398056727272727,3.1514854,0.02179807350961545,38.089664,0.24977666666673032
5.399284363636363,3.1615486,0.022858568964160907,38.026905,0.26151166666677456
5.399131818181818,3.171627,0.022858568964160907,38.026905,0.27389166666689563
5.400768636363636,3.1817112,0.025104708964160907,38.026905,0.2864916666667947
5.40012009090909,3.1918125,0.026328908964160905,38.026905,0.2999850000002577
5.4002658181818175,3.2018394,0.02755309896416091,38.024307,0.313676666666773
5.400775545454545,3.212162,0.02887882441870636,38.024307,0.3284250000001824
5.400293545454545,3.2221813,0.030255068964160903,38.024307,0.34375
5.399034636363636,3.2323599,0.030255068964160903,37.985611,0.35938166666649823
5.3998635454545445,3.2424603,0.03317872714597909,37.985611,0.37612666666682343
5.399901636363635,3.2524748,0.034701371691433634,37.985611,0.39306666666670936
5.400016090909091,3.2624893,0.03630373805507,37.949688,0.4108150000000023
5.399648454545455,3.2726297,0.03800171169143363,37.949688,0.4297216666668343
5.400373272727272,3.2826881,0.03977953532779727,37.949688,0.4494433333335716
5.400373272727272,3.2826881,0.03977953532779727,37.875496,0.44944499999983234
5.3987468181818175,3.2928772,0.04164815441870636,37.875496,0.4702566666669251
5.401035636363636,3.3029957,0.04359704987325182,37.875496,0.4918416666667326
5.399946727272727,3.3131237,0.04564111350961545,37.818527,0.5146700000002359
5.400085454545454,3.3232956,0.04781997169143363,37.818527,0.5388149999998859
5.400092363636364,3.3333111,0.050076668055069995,37.766827,0.5639650000002197
5.399457727272727,3.3433275,0.052501103509615454,37.725098,0.5909383333331789
5.399825363636364,3.3533764,0.05510596532779727,37.725098,0.6198450000001079
5.400432272727272,3.3635063,0.05807380896416091,37.648369,0.6527566666666341
5.4011119090909085,3.3736334,0.061495820782342725,37.648369,0.6907816666668319
5.4011119090909085,3.3736334,0.061495820782342725,37.617729,0.6907833333335778
5.400657636363636,3.383647,0.06609633714597908,37.568302,0.7420366666667785
5.399728272727272,3.3936539,0.07198911623688818,37.532597,0.8073316666666263
5.400095818181818,3.4033699,0.07948903987325182,37.415211,0.8907483333333706
5.399807999999999,3.4111481,0.08701042805506999,37.415211,0.9742116666665728
5.399807999999999,3.4111481,0.08701042805506999,37.241524,0.9742133333333186
5.399929363636363,3.4178972,0.09451021078234272,37.212914,1.0576700000000225
5.400699272727272,3.4245443,0.10200679260052453,37.212914,1.1410350000000713
5.400699272727272,3.4245443,0.10200679260052453,37.117493,1.1410366666668172
5.3995964545454544,3.4295788,0.10953210169143363,36.998878,1.2245166666665075
5.400331636363636,3.4349833,0.11702983805507002,36.870693,1.307876666666804
5.400803272727273,3.4400253,0.12453927441870637,36.870693,1.3912249999998798
5.400803272727273,3.4400253,0.12453927441870637,36.801941,1.3912266666666255
5.401191727272727,3.4449301,0.13203480169143364,36.699253,1.4745983333331727
5.400293545454545,3.449357,0.13955070169143363,36.699253,1.5579983333334289
5.400293545454545,3.449357,0.13955070169143363,36.609798,1.5580000000001746
5.399894727272727,3.4535942,0.14704013805507,36.446205,1.6413383333332603
5.401295727272727,3.4577103,0.15455988350961544,36.446205,1.724780000000222
5.401295727272727,3.4577103,0.15455988350961544,36.362511,1.7247816666669677
5.399710909090909,3.4613323,0.16206268350961545,36.362511,1.808143333333525
5.399710909090909,3.4613323,0.16206268350961545,36.315578,1.8081450000002708
5.400109727272726,3.4649715,0.16956751987325183,36.229252,1.8915716666665199
5.400796363636363,3.4680996,0.17706680169143366,36.149681,1.97499000000001
5.4014656363636355,3.4710941,0.18458179260052454,36.149681,2.058390000000266
5.4014656363636355,3.4710941,0.18458179260052454,35.991783,2.058391666666527
5.399450818181818,3.473772,0.19209238350961547,35.928951,2.141793333333529
5.399440454545454,3.4761868,0.19958668350961548,35.874439,2.225126666666862
5.399312090909091,3.4785862,0.20708791078234273,35.761375,2.308528333333379
5.4005328181818175,3.4808502,0.2146116198732518,35.761375,2.392013333333307
5.4005328181818175,3.4808502,0.2146116198732518,35.674751,2.3920150000000526
5.399950181818181,3.4828959,0.22210543805507,35.651188,2.4753866666666
5.400113181818181,3.484972,0.22962702896416087,35.566189,2.558843333333304
5.399749090909091,3.4868231,0.23713507441870632,35.566189,2.642271666666784
5.399749090909091,3.4868231,0.23713507441870632,35.454636,2.6422733333335295
5.400855363636364,3.4887266,0.2446358835096154,35.390606,2.7256199999998594
5.400355909090909,3.4905472,0.2521392471459791,35.34885,2.809088333333299
5.400518909090908,3.4924059,0.2596620835096154,35.34885,2.8925700000002204
5.400518909090908,3.4924059,0.2596620835096154,35.272923,2.8925716666669663
5.399807999999999,3.4941206,0.2671543289641609,35.180904,2.9759116666667977
5.399929363636363,3.4960651,0.27467044714597905,35.073711,3.0593683333335018
5.4001339999999995,3.49755,0.28217315623688816,35.029861,3.142786666666507
5.400345545454544,3.4994736,0.2896815016914336,34.98489,3.2262183333334784
5.399960636363636,3.5010538,0.29719333805507,34.98489,3.3096483333332194
5.399960636363636,3.5010538,0.29719333805507,34.904167,3.309649999999965
5.399690090909091,3.5026579,0.3047042289641609,34.785942,3.3930500000002213
5.400706181818181,3.5043259,0.31220580169143364,34.785942,3.4764766666669553
5.400706181818181,3.5043259,0.31220580169143364,34.703136,3.4764783333332163
5.400408,3.505888,0.31972595623688815,34.714104,3.559938333333412
5.399735181818182,3.5074415,0.3272299653277972,34.69239,3.643446666666811
5.4013339090909085,3.5091829,0.33472952896416086,34.69239,3.726910000000013
5.4013339090909085,3.5091829,0.33472952896416086,34.584362,3.726911666666759
5.401431,3.5106802,0.3422480289641609,34.584362,3.81043333333364
5.401431,3.5106802,0.3422480289641609,34.509247,3.8104349999999005
5.39926009090909,3.5122032,0.34976376532779724,34.491035,3.8938516666666447
5.4010633636363625,3.5136089,0.3572743835096154,34.491035,3.9773033333335963
5.4010633636363625,3.5136089,0.3572743835096154,34.429199,3.9773049999998573
5.400813727272727,3.515254,0.3647442835096154,34.459488,4.06084000000022
5.400245,3.5168304,0.37229844714597904,34.391354,4.144296666666923
5.399797636363636,3.5183783,0.3798070835096154,34.379429,4.2276700000002165
5.3995098181818175,3.5199718,0.3873116562368881,34.379429,4.311178333333616
5.3995098181818175,3.5199718,0.3873116562368881,34.394596,4.311179999999877
5.401129272727272,3.5213995,0.3948360926005245,34.394596,4.394541666666919
5.401129272727272,3.5213995,0.3948360926005245,34.373379,4.394543333333179
5.400071545454545,3.5229645,0.40234874714597907,34.368454,4.47796166666667
5.399804545454545,3.5245733,0.40982953805506994,34.373592,4.561400000000139
5.399707454545455,3.5261469,0.41735687441870634,34.464622,4.644843333333362
5.400418363636364,3.5276451,0.4248582835096154,34.42823,4.728325000000283
5.399717818181818,3.5292492,0.4323365198732518,34.42823,4.811791666666977
5.399717818181818,3.5292492,0.4323365198732518,34.470451,4.811793333333238
5.398885545454545,3.5309277,0.4398771835096154,34.507355,4.895193333333494
5.400900363636363,3.5325603,0.44740923805506994,34.507355,4.97866499999994
5.400900363636363,3.5325603,0.44740923805506994,34.543499,4.978666666666686
5.4003143636363635,3.5343361,0.4549073380550699,34.543499,5.0620250000002365
5.4003143636363635,3.5343361,0.4549073380550699,34.605541,5.0620266666664975
5.399398818181818,3.5358324,0.46241741078234266,34.637329,5.145514999999917
5.399336363636363,3.5374928,0.4699282471459791,34.640156,5.228869999999976
5.399471636363637,3.5392132,0.47744184714597904,34.640156,5.312390000000111
5.399471636363637,3.5392132,0.47744184714597904,34.662285,5.312391666666857
5.399880818181817,3.540884,0.484952247145979,34.662285,5.39579500000012
5.399880818181817,3.540884,0.484952247145979,34.714314,5.3957966666668655
5.399631181818182,3.5426197,0.4924587016914336,34.763088,5.479200000000128
5.400640272727273,3.5444136,0.49996769260052454,34.763088,5.562649999999849
5.400640272727273,3.5444136,0.49996769260052454,34.840263,5.562651666666595
5.4003524545454535,3.5461302,0.5074656835096154,34.806011,5.6460533333335965
5.401403272727272,3.547842,0.5149809653277971,34.806011,5.729551666666521
5.401403272727272,3.547842,0.5149809653277971,34.892998,5.729553333333267
5.4011605454545455,3.549613,0.5224914744187062,34.945747,5.812948333333285
5.400661090909091,3.5513964,0.5300043653277973,34.965775,5.896394999999999
5.401323454545454,3.5533018,0.5375159653277972,34.926632,5.979888333333171
5.399901636363635,3.5551567,0.5450200198732518,34.926632,6.063314999999905
5.399901636363635,3.5551567,0.5450200198732518,35.002605,6.063316666666651
5.399984909090909,3.556941,0.5525033289641609,35.002605,6.146718333333168
5.399984909090909,3.556941,0.5525033289641609,35.085629,6.146719999999914
5.401583545454545,3.5588989,0.5600297198732518,35.061382,6.230096666666698
5.401323454545454,3.5609159,0.5675434835096154,35.108471,6.313541666666667
5.400456545454545,3.5626926,0.5750506289641609,35.153042,6.397004999999869
5.398968818181817,3.5645752,0.582562547145979,35.177048,6.480510000000262
5.4011119090909085,3.5666056,0.5900756107823426,35.256222,6.563851666666839
5.4017778181818175,3.5686054,0.5975719198732518,35.292103,6.647253333333356
5.399325999999999,3.569294,0.600034947145979,35.292103,6.674505000000257
-8.929859545454544e-05,3.4678068,0.600124356100459,35.292103,6.675786666666681
0.9598159999999999,3.4784174,0.6001500376780318,35.292103,6.679321666666753
1.6198054545454545,3.4889278,0.6001500376780318,35.292103,6.681753333333472
2.249508727272727,3.4994259,0.6001500376780318,35.292103,6.6839749999999185
2.8200452727272727,3.5096512,0.6001500376780318,35.292103,6.6860533333335
2.999788636363636,3.499649,0.6044825376780317,35.397144,6.768429999999838
2.999847545454545,3.4916868,0.6086541013143953,35.397144,6.851856666666572
2.999847545454545,3.4916868,0.6086541013143953,35.42469,6.851858333333317
2.999924727272727,3.4864407,0.6128204194962136,35.464756,6.935276666666808
2.9998579999999997,3.4830856,0.6169907376780317,35.515732,7.018685000000308
3.0000720909090908,3.481019,0.6211612740416681,35.515732,7.102170000000236
3.0000720909090908,3.481019,0.6211612740416681,35.528778,7.1021716666664965
3.000101636363636,3.4795885,0.6253353285871226,35.577679,7.185586666666495
2.9998779090909085,3.4788589,0.6295078194962135,35.621483,7.268936666666802
3.000002818181818,3.4787073,0.633667464950759,35.693634,7.35239166666676
3.000055636363636,3.478693,0.6378419013143954,35.693634,7.4357550000000625
3.000055636363636,3.478693,0.6378419013143954,35.738335,7.4357566666668085
2.999963727272727,3.478776,0.642021164950759,35.738335,7.519249999999981
2.999963727272727,3.478776,0.642021164950759,35.835163,7.519251666666727
2.9999455454545454,3.4792929,0.6461811376780318,35.802113,7.602771666666862
3.0001094545454543,3.4797573,0.6503680376780318,35.915199,7.686179999999877
3.000015818181818,3.480443,0.6545376013143954,35.915199,7.769524999999946
3.000015818181818,3.480443,0.6545376013143954,35.968945,7.769526666666692
2.999950727272727,3.4812136,0.6587090013143954,35.995735,7.853005000000121
2.999846727272727,3.4819937,0.6628789467689409,35.975544,7.936500000000039
3.000330454545454,3.4829016,0.6670556558598499,36.094574,8.019956666666742
2.999819818181818,3.4838181,0.6712227831325772,36.109463,8.103330000000035
3.0001562727272724,3.4848986,0.6753986831325772,36.106266,8.186794999999984
3.000093818181818,3.4856615,0.6795628285871226,36.150204,8.270226666666955
2.9997773636363636,3.4868364,0.6837413831325772,36.150204,8.353698333333401
2.9997773636363636,3.4868364,0.6837413831325772,36.200935,8.353700000000147
2.999828545454545,3.4878025,0.6879169013143954,36.200935,8.437179999999838
2.999828545454545,3.4878025,0.6879169013143954,36.236954,8.437181666666584
3.0000070909090906,3.4889441,0.692080774041668,36.236954,8.520554999999877
3.0000070909090906,3.4889441,0.692080774041668,36.265579,8.520556666666623
2.9999819999999997,3.4901657,0.6962607922234864,36.301418,8.603988333333595
2.999944727272727,3.491231,0.7004273194962135,36.382099,8.687441666666807
2.9999386363636362,3.4923391,0.7046009467689408,36.37001,8.770791666666629
3.000105909090909,3.4934893,0.7087669831325771,36.422817,8.854178333333403
3.00021,3.4945745,0.7129411013143954,36.483688,8.937648333333588
3.000101636363636,3.4958763,0.7171033467689408,36.483688,9.0210083333334
3.000101636363636,3.4958763,0.7171033467689408,36.540195,9.021010000000144
2.999982818181818,3.4971466,0.7212750194962135,36.540195,9.104383333333438
2.999982818181818,3.4971466,0.7212750194962135,36.591095,9.104385000000184
3.0000720909090908,3.4984827,0.7254458831325772,36.641022,9.187800000000182
2.999862363636363,3.4996529,0.7296132740416681,36.684731,9.271140000000013
2.999763454545454,3.5009518,0.73379145585985,36.754635,9.354618333333443
2.999809454545454,3.5024691,0.7379604740416681,36.754635,9.438043333333432
2.999809454545454,3.5024691,0.7379604740416681,36.782513,9.438045000000178
2.9999021818181815,3.5037394,0.7421326922234862,36.818489,9.521541666666842
2.9998007272727274,3.505209,0.7463030104053044,36.927357,9.604903333333398
3.0001735454545453,3.5065279,0.7504713831325771,36.927357,9.688308333333406
3.0001735454545453,3.5065279,0.7504713831325771,36.939957,9.688310000000152
3.0003808181818177,3.5079632,0.7546446831325772,36.939957,9.771733333333396
3.0003808181818177,3.5079632,0.7546446831325772,36.982479,9.771735000000142
3.000021,3.5096846,0.7588184194962135,37.031647,9.85515000000014
3.000153636363636,3.5109587,0.762991664950759,37.106609,9.938651666666555
3.0001605454545452,3.5126143,0.7671653467689409,37.118248,10.022119999999996
3.000023545454545,3.5143661,0.771341464950759,37.211987,10.105643333333623
2.999943818181818,3.515976,0.7755100467689409,37.211987,10.18903833333364
2.999943818181818,3.515976,0.7755100467689409,37.242622,10.1890399999999
2.999949,3.5176315,0.7796804740416681,37.282341,10.272388333333462
2.9999741818181818,3.5193281,0.7838506831325772,37.282341,10.355785000000227
2.9999741818181818,3.5193281,0.7838506831325772,37.259361,10.355786666666972
2.9998007272727274,3.5212059,0.7880214922234863,37.259361,10.439204999999978
2.9998007272727274,3.5212059,0.7880214922234863,37.284225,10.439206666666724
2.9999481818181812,3.5231333,0.7921949558598499,37.24588,10.522686666666898
2.999867545454545,3.52495,0.7963649558598499,37.206913,10.606121666666876
2.9999541818181816,3.5267868,0.8000163376780317,37.162086,10.679168333333413
0.0,3.4335527,0.8000327558598499,37.162086,10.763641666666565
0.0,3.4335527,0.8000327558598499,37.198063,10.763643333333311
0.0,3.4169521,0.8000327558598499,37.198063,10.847014999999859
0.0,3.4169521,0.8000327558598499,37.139339,10.847016666666605
0.0,3.4052916,0.8000327558598499,37.139339,10.930309999999979
0.0,3.4052916,0.8000327558598499,37.055359,10.930311666666723
0.0,3.3965225,0.8000327558598499,37.055359,11.013605000000098
0.0,3.3965225,0.8000327558598499,37.016987,11.013606666666844
0.0,3.3897247,0.8000327558598499,36.953888,11.097034999999838
0.0,3.3843164,0.8000327558598499,36.957836,11.180408333333617
0.0,3.3799601,0.8000327558598499,36.906258,11.263665000000037
0.0,3.3763628,0.8000327558598499,36.906258,11.346958333333411
0.0,3.3763628,0.8000327558598499,36.879341,11.346960000000157
0.0,3.3733902,0.8000327558598499,36.739738,11.430308333333233
0.0,3.3709202,0.8000327558598499,36.739738,11.513625000000077
0.0,3.3709202,0.8000327558598499,36.79892,11.513626666666823
0.0,3.3688059,0.8000327558598499,36.79892,11.596938333333432
0.0,3.3688059,0.8000327558598499,36.737877,11.596940000000178
0.0,3.3669415,0.8000327558598499,36.656097,11.680210000000079
-4.529953e-05,3.2989731,0.8000327558598499,36.656097,11.6939433333333
0.999937909090909,3.393117,0.8013282823041327,36.65308,11.77785166666678
0.9997185454545454,3.397007,0.80271750957686,36.65308,11.861235000000063
0.9997185454545454,3.397007,0.80271750957686,36.559452,11.861236666666809
1.000009909090909,3.399869,0.8041078641223145,36.605442,11.944610000000102
0.9999101818181817,3.4023256,0.8054929186677691,36.541531,12.027803333333576
0.9999518181818181,3.4044313,0.8068842550314055,36.541531,12.11116666666688
0.9999518181818181,3.4044313,0.8068842550314055,36.501583,12.111168333333627
0.9999040909090908,3.4062319,0.808271518667769,36.429588,12.194430000000285
1.0000714545454545,3.4079218,0.8096589004859509,36.405441,12.27779833333334
0.9998425454545453,3.4094639,0.8110493732132237,36.387737,12.36122666666682
1.0001225454545453,3.4109974,0.8124404913950418,36.391895,12.444536666666682
0.9998780909090907,3.412076,0.8138297641223144,36.391895,12.527886666666502
0.9998780909090907,3.412076,0.8138297641223144,36.295902,12.527888333333248
1.000192818181818,3.4132328,0.8152155732132236,36.295902,12.611099999999958
1.000192818181818,3.4132328,0.8152155732132236,36.313072,12.611101666666704
1.000132090909091,3.4143686,0.8166046823041326,36.313072,12.694448333333519
1.000132090909091,3.4143686,0.8166046823041326,36.313072,12.694450000000264
1.000120818181818,3.4154634,0.8179935823041327,36.313072,12.777770000000116
1.000120818181818,3.4154634,0.8179935823041327,36.252182,12.777771666666862
0.9999388181818182,3.4164515,0.8193828004859509,36.252182,12.861219999999836
0.9999388181818182,3.4164515,0.8193828004859509,36.204479,12.861221666666582
1.0001087272727271,3.4176111,0.8207704004859508,36.186569,12.944441666666535
1.0002387272727271,3.4184351,0.8221605459404964,36.186569,13.02778166666685
1.0002387272727271,3.4184351,0.8221605459404964,36.192791,13.027783333333597
1.0000046363636363,3.4194279,0.8235500368495872,36.11961,13.111205000000094
0.9998451818181816,3.4203167,0.8249370913950418,36.128654,13.194473333333251
0.9998780909090907,3.4211941,0.8263307004859508,36.128654,13.277955000000171
0.9998780909090907,3.4211941,0.8263307004859508,36.093761,13.277956666666917
0.9999422727272728,3.4220524,0.8277155823041327,36.099808,13.361093333333459
0.9999413636363635,3.422864,0.8291043186677691,36.099808,13.44450333333322
0.9999413636363635,3.422864,0.8291043186677691,36.052856,13.444504999999966
1.000120818181818,3.4238348,0.83049570957686,36.060032,13.527888333333248
0.9999231818181817,3.4245405,0.8318816277586781,35.983986,13.611198333333595
1.000009909090909,3.4253101,0.8332698732132235,35.944164,13.694445000000027
1.000029,3.4261532,0.83465990957686,35.969292,13.777771666666862
0.9998711818181817,3.4269867,0.8360501004859509,35.962486,13.861216666666829
0.9997368181818181,3.4276333,0.8374385641223145,35.962486,13.94453166666693
0.9997368181818181,3.4276333,0.8374385641223145,35.935524,13.94453333333319
1.0000349999999998,3.428565,0.8388281641223145,35.935524,14.027816666666574
1.0000349999999998,3.428565,0.8388281641223145,35.868332,14.02781833333332
1.0001069999999999,3.4291973,0.8402164186677691,35.868332,14.111165000000135
1.0001069999999999,3.4291973,0.8402164186677691,35.886654,14.11116666666688
0.9998616363636363,3.4299393,0.8416050913950418,35.847385,14.194520000000193
1.000048909090909,3.4307547,0.8429943732132237,35.847385,14.277850000000035
1.000048909090909,3.4307547,0.8429943732132237,35.814735,14.27785166666678
0.9998156363636364,3.4317341,0.8443825641223145,35.814735,14.36112333333343
0.9998156363636364,3.4317341,0.8443825641223145,35.784744,14.361125000000175
1.0000809999999998,3.4323425,0.845766200485951,35.735859,14.44449166666697
1.0000731818181818,3.433259,0.8471588913950419,35.735859,14.527761666666871
1.0000731818181818,3.433259,0.8471588913950419,35.675064,14.527763333333617
0.999898,3.4339285,0.84855000957686,35.675064,14.611169999999886
0.999898,3.4339285,0.84855000957686,35.600533,14.611171666666632
0.9999543636363636,3.4346056,0.8499373368495873,35.600533,14.694466666666752
0.9999543636363636,3.4346056,0.8499373368495873,35.51553,14.694468333333498
1.0001026363636363,3.4356899,0.8513275913950418,35.467781,14.777883333333497
0.9999335454545454,3.4362822,0.8527171913950418,35.450233,14.861171666666632
0.9999466363636363,3.4371929,0.8541057095768599,35.347294,14.944481666666494
0.9998520909090908,3.438014,0.8554923823041326,35.272511,15.027866666666522
1.0001910909090908,3.4390345,0.8568825823041326,35.195396,15.111098333333212
1.000114818181818,3.4396954,0.858271418667769,35.159718,15.194528333333437
0.9998312727272727,3.4405918,0.8596590186677691,35.159718,15.277794999999848
0.9998312727272727,3.4405918,0.8596590186677691,35.06575,15.277796666666594
0.999807909090909,3.4414587,0.8610513823041327,34.995609,15.361258333333534
1.0002369999999998,3.4423084,0.8624386004859509,34.995609,15.444466666666752
1.0002369999999998,3.4423084,0.8624386004859509,34.956917,15.444468333333498
1.000179818181818,3.4433193,0.8638261913950418,34.874828,15.527806666666583
1.0001971818181816,3.4441404,0.8652144368495872,34.800697,15.61112333333343
1.0000280909090908,3.4453163,0.8666040368495873,34.720901,15.694500000000213
1.0001729090909088,3.4460583,0.8679934277586782,34.687767,15.777913333333466
0.999879,3.4471474,0.8693811823041327,34.687767,15.861113333333439
0.999879,3.4471474,0.8693811823041327,34.638596,15.861115000000185
0.9994975454545454,3.4480696,0.8707715459404963,34.638596,15.944440000000274
0.9994975454545454,3.4480696,0.8707715459404963,34.530357,15.944441666666535
1.0000584545454545,3.4491844,0.8721590823041326,34.530357,16.02778833333335
1.0000584545454545,3.4491844,0.8721590823041326,34.448208,16.027790000000095
0.9998589999999998,3.4503374,0.8735494459404963,34.398056,16.111111666666694
0.9999699999999998,3.4513826,0.87493790957686,34.351131,16.194541666666918
0.9998494545454545,3.4525871,0.8763262641223145,34.300941,16.277855000000272
0.9999613636363635,3.4540672,0.8777167823041327,34.300941,16.361145000000153
0.9999613636363635,3.4540672,0.8777167823041327,34.23489,16.3611466666669
0.9998902727272726,3.4549818,0.8791040004859508,34.257042,16.44447833333349
0.9998737272727273,3.4561586,0.8804936550314054,34.257042,16.527761666666873
0.9998737272727273,3.4561586,0.8804936550314054,34.130543,16.527763333333617
1.0003939090909089,3.4575462,0.8818812550314055,34.076561,16.611179999999877
0.9999275454545453,3.4587975,0.8832723732132236,34.054596,16.694474999999997
1.000198,3.4601841,0.8846624095768599,33.992458,16.777929999999955
1.000126909090909,3.4615278,0.8860505459404964,33.988689,16.861168333333627
1.0001494545454543,3.4630728,0.887435918667769,33.908546,16.944428333333537
0.999957909090909,3.4645939,0.8888281732132236,33.824047,17.027883333333495
1.0002855454545454,3.4661179,0.8902146368495872,33.794106,17.111108333333203
0.9997003636363635,3.4676476,0.8916040186677691,33.789165,17.194488333333478
0.9998287272727272,3.469451,0.89299350957686,33.711098,17.27787833333326
0.9999535454545454,3.4710903,0.8943797550314054,33.663502,17.36113833333317
0.9998937272727272,3.4728489,0.8957730913950418,33.684185,17.44451833333345
0.9999223636363636,3.4749746,0.8971606913950417,33.66127,17.527843333333536
0.9999847272727272,3.4768724,0.8985482823041326,33.593971,17.61113833333317
1.000048,3.4789267,0.89993760957686,33.593971,17.694445000000027
1.000048,3.4789267,0.89993760957686,33.547703,17.69444666666677
0.9999205454545453,3.4811163,0.901327918667769,33.547703,17.777840000000044
0.9999205454545453,3.4811163,0.901327918667769,33.50769,17.77784166666679
1.0000722727272728,3.4834194,0.9027156277586781,33.506023,17.861165000000135
1.000094,3.4857092,0.9041060913950417,33.506023,17.944484999999986
1.000094,3.4857092,0.9041060913950417,33.446644,17.94448666666673
1.0002222727272727,3.4880981,0.9054945550314054,33.393559,18.027898333333237
1.0000341818181817,3.4909973,0.9068846459404963,33.393559,18.111198333333597
1.0000341818181817,3.4909973,0.9068846459404963,33.385571,18.111199999999858
1.0000064545454546,3.4936171,0.9082707732132236,33.385571,18.194466666666752
1.0000064545454546,3.4936171,0.9082707732132236,33.299282,18.194468333333496
1.0001563636363635,3.4964542,0.9096618823041325,33.299282,18.277830000000055
1.0001563636363635,3.4964542,0.9096618823041325,33.336651,18.277831666666803
0.9998937272727272,3.4995594,0.9110476095768598,33.336651,18.361121666666683
0.9998937272727272,3.4995594,0.9110476095768598,33.307438,18.361123333333428
1.0000523636363636,3.5025759,0.9124389732132235,33.202881,18.44455666666666
1.0001200000000001,3.5060177,0.9138266095768598,33.202881,18.52777166666686
1.0001200000000001,3.5060177,0.9138266095768598,33.160027,18.527773333333606
1.0001450909090908,3.509511,0.9152170641223143,33.160027,18.61117666666687
1.0001450909090908,3.509511,0.9152170641223143,33.141811,18.611178333333616
1.000009909090909,3.5131817,0.9166054277586781,33.130604,18.69453333333319
1.0001121818181817,3.5171213,0.9179915186677688,33.054302,18.777786666666604
0.9997558181818181,3.5213223,0.9193830641223143,33.054302,18.86120666666684
0.9997558181818181,3.5213223,0.9193830641223143,33.041599,18.861208333333586
0.9999881818181818,3.5257025,0.9207698823041326,33.020332,18.944425000000045
0.9998624545454544,3.5303717,0.9221608823041326,33.024509,19.027803333333576
1.0000237272727273,3.5354891,0.923549427758678,33.024509,19.1111466666669
1.0000237272727273,3.5354891,0.923549427758678,32.984478,19.111148333333162
0.9999361818181817,3.5406075,0.9249378823041325,32.984478,19.194496666666723
0.9999361818181817,3.5406075,0.9249378823041325,32.925987,19.194498333333467
0.9998616363636363,3.5463638,0.9263272459404963,32.925987,19.277871666666762
0.9998616363636363,3.5463638,0.9263272459404963,32.914246,19.277873333333506
1.0000011818181818,3.5523767,0.9277140641223144,32.941406,19.361109999999947
1.0001763636363634,3.5590229,0.9291051550314053,32.941406,19.444541666666918
1.0001763636363634,3.5590229,0.9291051550314053,32.84169,19.44454333333318
1.0000636363636364,3.5659761,0.930494518667769,32.793274,19.52785333333353
1.0001303636363637,3.5733967,0.9318837913950417,32.768421,19.611161666666643
1.0000688181818183,3.5816774,0.9332714277586781,32.753002,19.694508333333456
1.0001069999999999,3.5905819,0.9346616095768598,32.730247,19.777804999999837
0.9999318181818181,3.5999918,0.9360451550314053,32.662613,19.861246666666798
0.7993940909090909,3.6003942,0.9372817004859507,32.662613,19.944554999999916
0.7993940909090909,3.6003942,0.9372817004859507,32.66964,19.94455666666666
0.7008535181818182,3.600132,0.9383179732132235,32.601238,20.0278383333333
0.6434501272727272,3.6003237,0.9392511550314053,32.601238,20.111199999999858
0.6434501272727272,3.6003237,0.9392511550314053,32.612282,20.111201666666602
0.5950450909090909,3.6002741,0.9401076095768599,32.591194,20.194550000000163
0.5478581545454545,3.6001196,0.9409026095768599,32.554882,20.277816666666574
0.5174645545454545,3.6001873,0.9416457913950416,32.554882,20.36112666666692
0.5174645545454545,3.6001873,0.9416457913950416,32.529812,20.36112833333318
0.48768823636363634,3.6003332,0.9423431550314052,32.562111,20.444490000000222
0.4622528727272727,3.6003571,0.9429981550314054,32.483448,20.527836666666552
0.4306801909090909,3.6000376,0.9436182459404961,32.483448,20.611188333333605
0.4306801909090909,3.6000376,0.9436182459404961,32.471291,20.611189999999866
0.40802955454545453,3.6001492,0.9442011550314052,32.411968,20.694500000000215
0.3904845454545454,3.600174,0.9447557913950417,32.411968,20.777804999999837
0.3904845454545454,3.600174,0.9447557913950417,32.405914,20.777806666666585
0.3714916909090909,3.6002092,0.9452830641223144,32.405914,20.861263333333287
0.3714916909090909,3.6002092,0.9452830641223144,32.389,20.861265000000035
0.35076661818181815,3.6002531,0.9457855186677688,32.366764,20.944526666666693
0.33305688181818177,3.6001682,0.9462617913950417,32.321335,21.027836666666552
0.31511653636363635,3.5999966,0.9467123368495872,32.309143,21.111105000000194
0.30978809999999996,3.6003838,0.9471487913950416,32.309143,21.19455666666666
0.30978809999999996,3.6003838,0.9471487913950416,32.34985,21.194558333333408
0.2925005818181818,3.6002216,0.9475630641223144,32.295696,21.277793333333587
0.2817223272727272,3.6002436,0.947957427758678,32.295696,21.361099999999958
0.2817223272727272,3.6002436,0.947957427758678,32.230091,21.361101666666702
0.26502435454545453,3.6001511,0.9483387913950416,32.282772,21.444488333333478
0.2541810818181818,3.6000996,0.9487027913950415,32.282772,21.527846666666544
0.2541810818181818,3.6000996,0.9487027913950415,32.27668,21.52784833333329
0.2489037909090909,3.6002893,0.949052518667769,32.203293,21.611185000000113
0.23808045454545454,3.6002417,0.949387427758678,32.234673,21.694566666666653
0.22891044545454545,3.6002588,0.9497117004859508,32.243614,21.777814999999826
0.21527463636363633,3.6000376,0.950020427758678,32.206738,21.86113333333342
0.21527723636363635,3.6003342,0.950319427758678,32.226902,21.944460000000255
0.20359646363636363,3.6001568,0.9506096095768598,32.226902,22.027764999999878
0.20359646363636363,3.6001568,0.9506096095768598,32.177265,22.027766666666626
0.18896102727272726,3.5997438,0.9508798823041326,32.134109,22.11113333333342
0.19445852727272725,3.6001377,0.9511467004859506,32.134109,22.19453333333319
0.19445852727272725,3.6001377,0.9511467004859506,32.133141,22.194534999999934
0.18497033636363636,3.6001377,0.9514102459404962,32.101753,22.277810000000077
0.17774235454545453,3.60005,0.9516582459404962,32.101753,22.361149999999906
0.17774235454545453,3.60005,0.9516582459404962,32.113007,22.361151666666654
0.17331557272727272,3.6002188,0.9519047913950417,32.087883,22.44450166666696
0.16676035454545454,3.6002026,0.9521402459404963,32.013321,22.52779166666684
0.15925320909090906,3.6000128,0.9523637913950417,32.013321,22.61108999999997
0.15925320909090906,3.6000128,0.9523637913950417,32.059734,22.611091666666713
0.15354156363636362,3.5999184,0.9525821550314052,32.01828,22.694510000000204
0.15355457272727271,3.6000996,0.9527950641223145,32.01828,22.777760000000125
0.15355457272727271,3.6000996,0.9527950641223145,31.987087,22.777761666666873
0.1530395818181818,3.600214,0.9530050641223143,32.023411,22.861136666666912
0.14335632727272726,3.600194,0.9532074277586781,31.978136,22.944540000000174
0.13745828181818182,3.6000643,0.9534021550314054,31.986717,23.027796666666593
0.13154203636363634,3.5999336,0.953590336849587,31.969425,23.111119999999936
0.13112935454545452,3.6001387,0.9537776095768599,31.958363,23.19453166666693
0.12541510909090908,3.6001501,0.9539579732132235,31.950186,23.27784166666679
0.1254549909090909,3.6002083,0.9541320641223143,31.950186,23.36112999999993
0.1254549909090909,3.6002083,0.9541320641223143,31.976662,23.361131666666672
0.11993928181818181,3.6001759,0.954304518667769,31.954378,23.44452166666694
0.11993754545454545,3.6002636,0.9544707913950418,31.933266,23.52782833333331
0.11461518181818182,3.6001749,0.9546308823041326,31.921297,23.61117333333338
0.10918009999999999,3.6000729,0.9547880641223144,31.921297,23.694514999999956
0.10918009999999999,3.6000729,0.9547880641223144,31.945662,23.6945166666667
0.10488769999999999,3.5998631,0.954939427758678,31.945662,23.777845000000283
0.10488769999999999,3.5998631,0.954939427758678,31.863848,23.777846666666544
0.1079229909090909,3.5999413,0.955083427758678,31.897333,23.86114333333341
0.1079255909090909,3.6001701,0.9552333368495871,31.88838,23.94443333333329
0.09809927272727272,3.6000204,0.9553776095768599,31.88838,24.027761666666873
0.09809927272727272,3.6000204,0.9553776095768599,31.840815,24.027763333333617
0.09648062727272726,3.5998869,0.955515336849587,31.875275,24.111178333333616
0.09647022727272726,3.5999527,0.9556491550314052,31.875275,24.19453000000018
0.09647022727272726,3.5999527,0.9556491550314052,31.850908,24.19453166666693
0.09647629090909089,3.6000528,0.9557832459404961,31.850908,24.277880000000003
0.09647629090909089,3.6000528,0.9557832459404961,31.823685,24.27788166666675
0.0964632909090909,3.6002722,0.9559172459404962,31.823685,24.361136666666912
0.0964632909090909,3.6002722,0.9559172459404962,31.819698,24.36113833333317
0.08994189181818181,3.6000509,0.956043427758678,31.824625,24.444445000000027
0.08994189181818181,3.6001492,0.9561686095768599,31.821804,24.52787666666651
0.09055137636363635,3.6002588,0.9562915186677688,31.821804,24.61114166666666
0.09055137636363635,3.6002588,0.9562915186677688,31.845007,24.61114333333341
0.0832028818181818,3.6000881,0.956409427758678,31.79932,24.694468333333496
0.08319507909090908,3.6000147,0.9565248823041325,31.720926,24.77784833333329
0.08424238727272727,3.6001644,0.9566402459404962,31.720926,24.861095000000205
0.08424238727272727,3.6001644,0.9566402459404962,31.733873,24.86109666666695
0.07914976636363635,3.6002331,0.9567560641223145,31.704933,24.944466666666752
0.07228851363636364,3.5997515,0.9568599732132235,31.705902,25.02790166666673
0.07754672636363635,3.5999346,0.9569647913950416,31.705902,25.111235000000065
0.07754672636363635,3.5999346,0.9569647913950416,31.635284,25.11123666666681
0.07757013454545454,3.600091,0.9570724277586781,31.635284,25.19447833333349
0.07757013454545454,3.600091,0.9570724277586781,31.716936,25.194480000000233
0.07757186909090909,3.6003103,0.9571798823041326,31.683809,25.277774999999867
0.06654132454545454,3.5997515,0.9572772459404962,31.617207,25.361219999999836
0.07206136545454545,3.600008,0.9573755186677689,31.590719,25.444504999999968
0.07205703,3.6001682,0.9574758823041326,31.590719,25.527898333333237
0.07205703,3.6001682,0.9574758823041326,31.57589,25.527899999999985
0.06594397818181817,3.6001196,0.9575745186677689,31.57589,25.611125000000175
0.06594397818181817,3.6001196,0.9575745186677689,31.552647,25.61112666666692
0.07040023818181818,3.6000662,0.957662336849587,31.552647,25.69445333333327
0.07040023818181818,3.6000662,0.957662336849587,31.551706,25.694455000000016
0.06387277090909091,3.5999994,0.9577579732132235,31.537418,25.77778499999986
0.06389097727272726,3.5999441,0.9578466095768597,31.517059,25.861109999999947
0.06390658272727272,3.6000414,0.9579356095768599,31.491907,25.944524999999945
0.0638641009090909,3.6000643,0.9580242459404961,31.491907,26.02779499999985
0.0638641009090909,3.6000643,0.9580242459404961,31.455345,26.027796666666593
0.06387710545454545,3.6002426,0.9581127913950416,31.472876,26.111136666666912
0.053567019090909086,3.6000013,0.9581999732132235,31.472876,26.194461666666516
0.053567019090909086,3.6000013,0.9581999732132235,31.445642,26.19446333333326
0.06323467636363636,3.6001339,0.9582792459404962,31.429443,26.27778833333335
0.058581612727272726,3.6001387,0.9583610641223144,31.426973,26.361149999999906
0.05225181545454545,3.5999413,0.958441427758678,31.395187,26.444470000000244
0.052253549999999996,3.5996962,0.9585140641223144,31.404343,26.527825000000302
0.05775278272727272,3.6000109,0.95859260957686,31.404343,26.611178333333616
0.05775278272727272,3.6000109,0.95859260957686,31.338617,26.611179999999877
0.05113168181818181,3.5997477,0.9586680641223143,31.338617,26.694436666666782
0.05113168181818181,3.5997477,0.9586680641223143,31.304329,26.69443833333353
0.05733056545454545,3.6001797,0.9587471550314052,31.327385,26.777836666666552
0.05148367454545454,3.6001396,0.9588238823041326,31.327385,26.86118666666686
0.05148367454545454,3.6001396,0.9588238823041326,31.305494,26.861188333333605
0.05149494545454545,3.6000805,0.9588954277586781,31.274216,26.944441666666535
0.05148974363636363,3.60009,0.9589669732132236,31.274216,27.027833333333547
0.05148974363636363,3.60009,0.9589669732132236,31.273472,27.02783500000029
0.05149234454545454,3.6001606,0.9590386095768597,31.273472,27.111208333333586
0.05149234454545454,3.6001606,0.9590386095768597,31.263403,27.111209999999847
0.047383741818181814,3.6000223,0.9591040641223144,31.263403,27.19454333333318
0.047383741818181814,3.6000223,0.9591040641223144,31.18259,27.194544999999927
0.047565807272727266,3.6001263,0.9591764277586781,31.255383,27.277810000000077
0.04758401363636364,3.6000872,0.9592424277586781,31.188726,27.361201666666602
0.047559738181818176,3.6000729,0.959308518667769,31.188726,27.444465000000005
0.047559738181818176,3.6000729,0.959308518667769,31.221312,27.444466666666752
0.04755280272727272,3.6001291,0.9593747004859506,31.193115,27.527845000000283
0.042477520909090904,3.6000128,0.9594387913950416,31.193115,27.611209999999847
0.042477520909090904,3.6000128,0.9594387913950416,31.183012,27.61121166666659
0.042469718181818175,3.5998526,0.9594978823041326,31.183012,27.694474999999997
0.042469718181818175,3.5998526,0.9594978823041326,31.169857,27.69447666666674
0.04777734909090909,3.60007,0.9595596095768599,31.125444,27.77779833333334
0.04776954636363636,3.6002388,0.9596258823041326,31.154812,27.861095000000205
0.042477520909090904,3.6001139,0.9596873368495871,31.119341,27.944534999999934
0.04246018181818182,3.6000929,0.9597461550314054,31.142796,28.027810000000077
0.04247231909090909,3.6001062,0.9598051550314053,31.142796,28.111099999999958
0.04247231909090909,3.6001062,0.9598051550314053,31.061993,28.111101666666702
0.042470585454545455,3.6001453,0.9598641550314054,31.061993,28.194460000000255
0.042470585454545455,3.6001453,0.9598641550314054,31.069986,28.194461666666516
0.042470585454545455,3.6002655,0.9599231550314054,31.040478,28.277898333333237
0.03677194727272727,3.5998459,0.9599759732132235,31.0256,28.361223333333328
0.03677541545454545,3.5997782,0.9600270641223143,31.073072,28.444496666666723
0.042474052727272726,3.60007,0.9600837004859508,31.024651,28.527786666666604
0.03634192727272727,3.5998964,0.9601369732132236,31.024651,28.611165000000135
0.03634192727272727,3.5998964,0.9601369732132236,31.008436,28.61116666666688
0.04144148363636364,3.6001043,0.960191427758678,31.009413,28.694488333333478
0.041444951818181815,3.6003036,0.9602489732132236,31.005415,28.777780000000106
0.028631903636363636,3.5997248,0.9602989732132236,30.921505,28.861148333333162
0.03538478545454545,3.5999088,0.9603491550314054,30.928392,28.9445233333332
0.035380449999999994,3.5998755,0.9603982459404963,30.928392,29.027850000000036
0.035380449999999994,3.5998755,0.9603982459404963,30.896343,29.02785166666678
0.03538651909090909,3.5999241,0.9604473368495872,30.89732,29.111121666666683
0.03536484454545454,3.5998735,0.960496427758678,30.908571,29.194483333333242
0.03537784909090909,3.5999413,0.96054560957686,30.847946,29.27775833333338
0.03535704181818181,3.6000271,0.9605947913950416,30.897514,29.361175000000124
0.03537524818181818,3.6000719,0.9606438823041326,30.891796,29.444554999999916
0.03536744545454545,3.6001425,0.9606931550314054,30.855194,29.527818333333318
0.035381317272727274,3.6002445,0.9607422459404963,30.830975,29.611119999999936
0.029856941818181815,3.5999556,0.9607866095768598,30.838976,29.6945166666667
0.029860409999999997,3.5998468,0.9608280641223145,30.811922,29.777790000000095
0.03571597,3.6000996,0.9608737913950416,30.811922,29.861091666666713
0.03571597,3.6000996,0.9608737913950416,30.815895,29.86109333333346
0.031138333636363633,3.6001387,0.9609229732132235,30.815895,29.944544999999927
0.031138333636363633,3.6001387,0.9609229732132235,30.763094,29.94454666666667
0.030468160909090908,3.6000605,0.9609652459404963,30.763094,30.02783500000029
0.030468160909090908,3.6000605,0.9609652459404963,30.756235,30.027836666666552
0.030493302727272728,3.6000137,0.9610077004859507,30.746874,30.111228333333564
0.030274824545454545,3.5998373,0.9610460641223144,30.746874,30.19451333333321
0.030274824545454545,3.5998373,0.9610460641223144,30.71979,30.194514999999956
0.03026962272727272,3.5999069,0.9610881550314052,30.753176,30.277899999999985
0.03025141636363636,3.5999155,0.9611301550314053,30.728954,30.361195000000105
0.030254884545454545,3.5999651,0.9611721550314053,30.714846,30.444465000000005
0.030266154545454543,3.5999966,0.9612141550314054,30.714846,30.527801666666832
0.030266154545454543,3.5999966,0.9612141550314054,30.684313,30.527803333333576
0.030273090909090906,3.600111,0.9612562459404962,30.684313,30.611111666666694
0.030273090909090906,3.600111,0.9612562459404962,30.673672,30.61111333333344
0.028431632727272727,3.5999136,0.9612948823041325,30.673672,30.694435000000038
0.028431632727272727,3.5999136,0.9612948823041325,30.641029,30.694436666666782
0.028435099999999998,3.5999594,0.9613344277586781,30.671757,30.777899999999985
0.027806541818181818,3.5999956,0.9613752459404963,30.645449,30.861178333333616
0.02781087727272727,3.599988,0.9614137913950416,30.667526,30.94451833333345
0.027180584545454543,3.5999928,0.9614528823041325,30.675951,31.02786833333327
0.027160644545454544,3.6000395,0.9614907004859508,30.598875,31.111121666666683
0.02718231909090909,3.6000481,0.9615284277586781,30.606878,31.194500000000215
0.027166713636363634,3.6000547,0.9615661550314054,30.606878,31.277840000000044
0.027166713636363634,3.6000547,0.9615661550314054,30.569513,31.27784166666679
0.021092674545454545,3.599803,0.9616016095768598,30.627304,31.361191666666613
0.026371695454545454,3.5998516,0.9616346095768599,30.627304,31.444450000000263
0.026371695454545454,3.5998516,0.9616346095768599,30.611267,31.444451666666524
0.031881332727272726,3.6003265,0.9616767004859508,30.588764,31.52782833333331
0.026363892727272725,3.6001682,0.961714518667769,30.552721,31.61109666666695
0.025389410909090908,3.5999765,0.9617460641223143,30.552721,31.69444666666677
0.025389410909090908,3.5999765,0.9617460641223143,30.550606,31.69444833333352
0.02543622818181818,3.5999947,0.9617460641223143,30.550606,31.694551666666907
-0.4396880727272727,3.589592,0.9617417527232727,30.550606,31.696474999999918
-0.8798755272727272,3.578701,0.9617417527232727,30.550606,31.697623333333468
-1.3198254545454544,3.5671177,0.9617417527232727,30.550606,31.698796666666748
-1.719917818181818,3.5560493,0.9617417527232727,30.550606,31.699888333333366
-2.079759545454545,3.5457468,0.9617417527232727,30.550606,31.70088666666658
-2.440151727272727,3.5350752,0.9617417527232727,30.550606,31.701764999999916
-2.7598966363636364,3.5250282,0.9617417527232727,30.550606,31.70260500000004
-3.119870090909091,3.5137939,0.9617417527232727,30.550606,31.703605
-3.440051545454545,3.5033894,0.9617417527232727,30.550606,31.704473333333347
-3.760000181818181,3.4928064,0.9617417527232727,30.550606,31.70536666666691
-3.9998137272727274,3.481904,0.9617417527232727,30.550606,31.70656666666667
-3.9997014545454537,3.4714279,0.9617417527232727,30.550606,31.709238333333634
-3.999727818181818,3.4611635,0.9609678304545453,30.550606,31.71231166666694
-3.999860090909091,3.4510317,0.9609678304545453,30.550606,31.71583166666678
-4.00001309090909,3.4408588,0.9609678304545453,30.550606,31.71981833333363
-3.999981454545454,3.4306355,0.9609678304545453,30.550606,31.724404999999873
-4.000046909090909,3.4205542,0.9598334207272726,30.550606,31.7293783333332
-3.999829272727273,3.4105082,0.9598334207272726,30.61244,31.735018333333333
-3.9997469090909092,3.4004259,0.9598334207272726,30.61244,31.7412049999999
-3.9999519999999995,3.3903008,0.958562344090909,30.61244,31.74843333333362
-4.000015272727273,3.3801842,0.958562344090909,30.61244,31.756296666666945
-3.9999181818181815,3.3701296,0.9574591529090909,30.61244,31.764941666666708
-3.9996961818181815,3.3600407,0.9574591529090909,30.61244,31.77457333333344
-3.9998007272727274,3.349946,0.9561259692727272,30.568922,31.78499499999986
-3.999731363636364,3.3395519,0.955336333,30.568922,31.796886666666737
-4.000027,3.329401,0.955336333,30.568922,31.81011333333348
-3.999673272727272,3.319376,0.9534986819999999,30.568922,31.824284999999993
-4.000217272727272,3.3092823,0.9524806627272726,30.568922,31.839700000000207
-4.000217272727272,3.3092823,0.9524806627272726,30.526375,31.83970166666695
-4.000009181818181,3.2991772,0.9513395554545454,30.526375,31.856741666666736
-3.9995843636363633,3.2891388,0.9500604245454545,30.526375,31.875863333333594
-3.9995843636363633,3.2891388,0.9500604245454545,30.557892,31.875864999999855
-4.000319545454546,3.279068,0.94868276,30.557892,31.896563333333567
-4.000035636363636,3.2689428,0.9471265309090909,30.557892,31.920070000000123
-3.999877818181818,3.2586088,0.9453756527272725,30.504065,31.946239999999914
-4.000162181818181,3.2485085,0.9433274472727271,30.517429,31.97690166666677
-4.000103272727272,3.2384424,0.9409984436363635,30.517429,32.01190666666662
-3.9999888181818175,3.2283745,0.938271539090909,30.517429,32.05276000000013
-3.9999888181818175,3.2283745,0.938271539090909,30.553894,32.052761666666875
-3.999981454545454,3.2182598,0.9349399309090909,30.528488,32.10273666666665
-3.9998400909090908,3.2081966,0.9306869736363635,30.528488,32.166525000000064
-3.9998400909090908,3.2081966,0.9306869736363635,30.553696,32.166526666666805
-3.9999181818181815,3.1984615,0.9251262327272727,30.525461,32.24992833333332
-4.000262818181818,3.1911688,0.9195606418181819,30.491079,32.333370000000286
-4.000149636363636,3.1860857,0.9140075927272726,30.568922,32.416771666666804
-4.000191727272727,3.1818075,0.9084501263636363,30.427187,32.50013166666661
-3.9998084545454544,3.1785116,0.902885599090909,30.414959,32.58349499999992
-4.000067272727272,3.1756439,0.8973280627272726,30.414959,32.66689166666668
-4.000067272727272,3.1756439,0.8973280627272726,30.429274,32.66689333333343
-3.999968909090909,3.1731939,0.8917739527272727,30.446255,32.75030833333343
-3.9996879999999995,3.1711578,0.8862096418181817,30.404648,32.83374166666666
-3.999843181818181,3.1692867,0.8806484609090909,30.386715,32.917103333333216
-4.000090272727272,3.1673508,0.8750834736363635,30.41707,33.00051999999996
-4.000034363636363,3.1659441,0.8695302545454545,30.352951,33.08392000000022
-3.999775545454545,3.1646309,0.8639690454545454,30.352951,33.16729500000026
-3.999775545454545,3.1646309,0.8639690454545454,30.390911,33.167296666666516
-4.000407545454545,3.1630239,0.8584086818181818,30.390911,33.250700000000265
-4.000407545454545,3.1630239,0.8584086818181818,30.406952,33.25070166666652
-3.9999298181818177,3.1617899,0.8528459363636363,30.406952,33.33412166666676
-3.9999298181818177,3.1617899,0.8528459363636363,30.354277,33.33412333333351
-3.9998137272727274,3.1605511,0.8472882181818181,30.32584,33.41755833333348
-3.999992272727272,3.1594467,0.841723909090909,30.358091,33.50092000000004
-3.999849636363636,3.1581888,0.836163609090909,30.358477,33.58441166666695
-4.000189545454545,3.1570978,0.8305957545454544,30.358477,33.667896666666884
-4.000189545454545,3.1570978,0.8305957545454544,30.325083,33.667898333333625
-3.99991509090909,3.1559191,0.8250345545454545,30.325083,33.75134499999986
-3.99991509090909,3.1559191,0.8250345545454545,30.338264,33.7513466666666
-4.000112363636363,3.1548481,0.819469709090909,30.269342,33.83478166666658
-4.000098909090909,3.1539221,0.8139017909090908,30.348351,33.91823500000028
-4.000253272727273,3.1527252,0.8083501454545454,30.348351,34.00165166666654
-4.000253272727273,3.1527252,0.8083501454545454,30.268208,34.00165333333328
-3.999937272727272,3.1518097,0.8027876272727272,30.325083,34.08500333333359
-3.999932,3.1507778,0.7972291363636362,30.332336,34.16833833333318
-4.0002606363636355,3.1497755,0.7916697999999999,30.322971,34.2517783333334
-4.000079818181818,3.1487198,0.7861032818181818,30.325277,34.33525166666659
-4.000005727272727,3.1477203,0.7805453272727272,30.267452,34.4186500000001
-3.999860909090909,3.1467953,0.7749841,30.281769,34.50201166666666
-4.000130545454545,3.1457911,0.7694229090909089,30.281769,34.585426666666656
-4.000130545454545,3.1457911,0.7694229090909089,30.235168,34.585428333333404
-4.000111454545455,3.1447372,0.7638660181818181,30.260389,34.66880999999994
-3.999866545454545,3.143837,0.7583157363636363,30.23728,34.75215333333326
-3.9998591818181817,3.1427517,0.7527470909090909,30.271646,34.835619999999956
-3.9999476363636357,3.1416826,0.7471885363636364,30.233274,34.91903333333321
-3.9999709999999995,3.1406975,0.7416378818181818,30.233274,35.00239333333351
-3.9999709999999995,3.1406975,0.7416378818181818,30.244343,35.00239500000025
-3.999768181818182,3.1397133,0.7360716181818182,30.244343,35.08577666666679
-3.999768181818182,3.1397133,0.7360716181818182,30.241283,35.085778333333536
-3.9999285454545452,3.1386585,0.7305106636363635,30.244343,35.169163333333564
-3.9998812727272726,3.137579,0.7249478727272727,30.244343,35.25263500000001
-3.9998812727272726,3.137579,0.7249478727272727,30.240337,35.25263666666675
-4.000094545454545,3.1364107,0.7193954,30.263609,35.33598666666658
-3.9997725454545456,3.1353302,0.7138256727272727,30.270481,35.41938333333334
-4.000108454545455,3.1344776,0.7082768909090909,30.270481,35.502764999999876
-4.000108454545455,3.1344776,0.7082768909090909,30.328526,35.50276666666662
-3.999829272727273,3.133358,0.7027036909090909,30.328526,35.58626000000028
-3.999829272727273,3.133358,0.7027036909090909,30.39016,35.586261666666545
-4.0001526363636355,3.1323099,0.6971468272727273,30.39016,35.669680000000035
-4.0001526363636355,3.1323099,0.6971468272727273,30.42774,35.669681666666776
-3.9999731818181816,3.1312237,0.6915768272727273,30.42774,35.75311166666652
-3.9999731818181816,3.1312237,0.6915768272727273,30.422794,35.75311333333327
-4.000090272727272,3.1299696,0.6860267181818182,30.509621,35.83646499999983
-3.999980545454545,3.1288471,0.6804568272727273,30.509621,35.919926666666775
-3.999980545454545,3.1288471,0.6804568272727273,30.555002,35.919928333333516
-4.000082,3.1277065,0.6748964181818182,30.555002,36.003383333333474
-4.000082,3.1277065,0.6748964181818182,30.594488,36.00338500000022
-3.999751272727272,3.1265364,0.6693353,30.594488,36.08678333333325
-3.999751272727272,3.1265364,0.6693353,30.61969,36.08678499999999
-3.999974090909091,3.1255465,0.6637749454545454,30.61969,36.170253333333434
-3.999974090909091,3.1255465,0.6637749454545454,30.676149,36.17025500000018
-4.000051272727273,3.1243286,0.6582142727272726,30.696146,36.25367000000018
-3.9996225454545455,3.1230707,0.6526565727272726,30.740595,36.33703333333348
-3.999860090909091,3.1220551,0.6470887636363636,30.740595,36.42044833333348
-3.999860090909091,3.1220551,0.6470887636363636,30.829453,36.42045000000022
-4.0001821818181815,3.120821,0.6415347454545454,30.865896,36.5037983333333
-3.9997659999999993,3.1195126,0.635970709090909,30.865896,36.5872000000003
-3.9997659999999993,3.1195126,0.635970709090909,30.920012,36.587201666666566
-3.9998219090909086,3.1184082,0.6304237909090908,30.981602,36.67057333333359
-4.0001240909090905,3.1171932,0.6248561272727271,30.981602,36.753935000000155
-4.0001240909090905,3.1171932,0.6248561272727271,30.999699,36.753936666666895
-3.999944636363636,3.1159487,0.619301809090909,30.999699,36.83733833333341
-3.999944636363636,3.1159487,0.619301809090909,31.043348,36.83734000000016
-4.000239363636363,3.1148233,0.6137444909090908,31.056856,36.92071333333345
-3.9999476363636357,3.1134367,0.6081800181818181,31.056856,37.00411000000022
-3.9999476363636357,3.1134367,0.6081800181818181,31.115572,37.004111666666965
-4.000012181818181,3.1122541,0.6026256272727272,31.115572,37.087448333333306
-4.000012181818181,3.1122541,0.6026256272727272,31.183212,37.087450000000054
-3.9998327272727274,3.1110115,0.5970721727272728,31.202446,37.17078500000013
-3.9999584545454545,3.1097937,0.5915113090909091,31.273869,37.25416166666692
-4.000237181818181,3.1083994,0.5859503272727272,31.330246,37.33763166666662
-4.000277545454545,3.1070738,0.5803888363636363,31.34112,37.42104833333336
-3.9999961818181817,3.105691,0.5748279909090909,31.34112,37.50440833333317
-3.9999961818181817,3.105691,0.5748279909090909,31.347967,37.504409999999915
-3.999841,3.104537,0.5692703181818182,31.431948,37.58777166666696
-4.000209909090909,3.1031265,0.5637058727272726,31.431948,37.671185000000214
-4.000209909090909,3.1031265,0.5637058727272726,31.442593,37.671186666666955
-3.999869636363636,3.1017866,0.5581440818181816,31.442593,37.7546166666667
-3.999869636363636,3.1017866,0.5581440818181816,31.487909,37.75461833333345
-3.9998569999999996,3.1004248,0.5525768181818181,31.529236,37.83810833333361
-4.0003091818181815,3.0990105,0.5470261363636363,31.513784,37.92148499999991
-4.000005727272727,3.0978346,0.5414680636363636,31.612591,38.0048450000002
-4.000035636363636,3.0964279,0.5359148272727272,31.643845,38.08831666666665
-4.000320909090909,3.0948076,0.5303419636363637,31.643845,38.171826666666796
-4.000320909090909,3.0948076,0.5303419636363637,31.709299,38.17182833333354
-3.9999467272727274,3.0935001,0.5247697909090909,31.678858,38.25521499999983
-4.000075545454545,3.0921021,0.5192107909090908,31.678858,38.33861833333358
-4.000075545454545,3.0921021,0.5192107909090908,31.757616,38.33861999999984
-4.000166545454545,3.0907173,0.5136629818181817,31.757616,38.422013333333595
-4.000166545454545,3.0907173,0.5136629818181817,31.839079,38.42201499999986
-4.00016,3.0892143,0.5081042818181818,31.844955,38.50536666666691
-3.999715272727272,3.087821,0.5025441454545455,31.844955,38.5887016666665
-3.999715272727272,3.087821,0.5025441454545455,31.879206,38.58870333333325
-3.9999181818181815,3.0865097,0.49698747272727267,31.908308,38.67206666666655
-4.000149636363636,3.0850897,0.4914291181818181,31.949589,38.755419999999866
-3.9996953636363637,3.0837679,0.48585700909090906,31.959482,38.838908333333286
-3.99991509090909,3.0823431,0.48030304545454544,31.954168,38.92237000000023
-4.000004818181818,3.0806723,0.4747338636363636,31.954168,39.005755000000256
-4.000004818181818,3.0806723,0.4747338636363636,32.00132,39.00575666666652
-3.9996285454545455,3.079299,0.4691701999999999,32.00132,39.08922166666695
-3.9996285454545455,3.079299,0.4691701999999999,32.046787,39.08922333333321
-4.000249818181818,3.0778675,0.46361629090909084,32.0867,39.17256166666678
-4.000009181818181,3.0763636,0.45806228181818176,32.0867,39.255983333333276
-4.000009181818181,3.0763636,0.45806228181818176,32.133102,39.255985000000024
-3.999957181818181,3.0747919,0.4524947181818182,32.12188,39.33941666666651
-4.000179090909091,3.0738602,0.44693370909090907,32.158966,39.42288499999995
-3.999739545454545,3.071599,0.44136452727272724,32.158966,39.506298333333206
-3.999739545454545,3.071599,0.44136452727272724,32.211456,39.506299999999946
-3.9998505454545454,3.0700216,0.4358042818181818,32.28503,39.58970499999996
-4.000247636363636,3.068409,0.4302435454545454,32.302113,39.67311666666695
-4.000022636363636,3.0668325,0.42469321818181816,32.299099,39.75648166666652
-4.000131454545454,3.0650387,0.4191351909090909,32.395638,39.839856666666556
-3.9999489090909086,3.0634146,0.41357445454545444,32.395638,39.92325000000031
-3.9999489090909086,3.0634146,0.41357445454545444,32.454159,39.92325166666657
-3.9999770909090904,3.061697,0.40800256363636367,32.454159,40.00673999999999
-3.9999770909090904,3.061697,0.40800256363636367,32.405521,40.006741666666734
-4.000157,3.0598297,0.4024491909090909,32.482281,40.090090000000295
-4.00016,3.0579748,0.39688802727272726,32.479076,40.17346499999985
-4.000206454545455,3.0561905,0.39132718181818177,32.542149,40.256861666666616
-3.9998917272727272,3.0542526,0.3857661272727272,32.503204,40.34034666666654
-3.9999584545454545,3.0523119,0.38019759090909094,32.503204,40.423851666666934
-3.9999584545454545,3.0523119,0.38019759090909094,32.595528,40.4238533333332
-4.0000005454545455,3.0501871,0.37463322727272724,32.594948,40.50728500000017
-3.9998622727272726,3.0483589,0.369079209090909,32.625515,40.59063000000024
-3.999955,3.046031,0.3635112727272726,32.625515,40.674115000000164
-3.999955,3.046031,0.3635112727272726,32.629532,40.67411666666691
-3.9996233636363634,3.044117,0.3579573636363636,32.629532,40.757480000000214
-3.9996233636363634,3.044117,0.3579573636363636,32.645275,40.75748166666696
-3.999998363636363,3.0420284,0.35239629999999994,32.690685,40.840826666666544
-4.000049090909091,3.0397434,0.3468318272727272,32.711567,40.92431000000021
-3.9999172727272723,3.0374069,0.3412713090909091,32.721828,41.00771166666673
-4.000075545454545,3.0351849,0.33571751818181816,32.807114,41.091053333333306
-4.000134909090908,3.0327225,0.33015656363636364,32.843151,41.17448833333329
-4.000026090909091,3.0304108,0.3245877,32.854939,41.25796000000022
-3.999896909090909,3.0277395,0.3190336363636363,32.854939,41.34138833333321
-3.999896909090909,3.0277395,0.3190336363636363,32.827782,41.341389999999954
-4.000020454545455,3.0252409,0.3134664454545455,32.866886,41.424790000000215
-3.999829272727273,3.0225792,0.30791573636363634,32.914177,41.50815000000002
-3.999759545454545,3.019701,0.30235105454545447,32.947193,41.59156833333351
-3.999955,3.0170145,0.2967964363636363,32.988388,41.67498000000002
-4.000213818181818,3.0138788,0.29123521818181813,32.988388,41.75839833333351
-4.000213818181818,3.0138788,0.29123521818181813,32.999401,41.75840000000026
-3.9998439999999995,3.0109997,0.2856639181818182,33.038685,41.84191333333341
-3.999535818181818,3.0080309,0.2801141272727273,33.038685,41.92526333333323
-3.999535818181818,3.0080309,0.2801141272727273,33.055576,41.925264999999975
-4.000023909090909,3.004591,0.2745425545454545,33.055576,42.00873833333317
-4.000023909090909,3.004591,0.2745425545454545,33.042126,42.00873999999991
-4.000254090909091,3.0011654,0.2689773818181818,33.087265,42.092178333333386
-4.000307818181819,2.9976683,0.26341583636363636,33.087265,42.175635000000085
-4.000307818181819,2.9976683,0.26341583636363636,33.104164,42.17563666666683
-3.9999476363636357,2.9940376,0.2578547181818181,33.150646,42.25911833333327
-3.999986636363636,2.9901609,0.2522796272727273,33.155598,42.34258666666671
-4.000109363636364,2.9864388,0.24672549999999993,33.1535,42.42593166666678
-3.9998158181818178,2.9820976,0.24117436363636358,33.212891,42.509269999999866
-4.000091545454546,2.9775991,0.23561,33.212891,42.59274000000005
-4.000091545454546,2.9775991,0.23561,33.335434,42.5927416666668
-4.000207727272727,2.9731264,0.2300416727272727,33.298058,42.676190000000254
-4.000132727272727,2.9685192,0.22448446363636357,33.379421,42.75955333333356
-4.000251090909091,2.9634781,0.21892248181818177,33.406555,42.842945000000086
-4.0000005454545455,2.9579697,0.21336933636363634,33.406555,42.926294999999904
-4.0000005454545455,2.9579697,0.21336933636363634,33.396309,42.92629666666665
-4.000049090909091,2.9528389,0.20781185454545456,33.396309,43.00968999999993
-4.000049090909091,2.9528389,0.20781185454545456,33.432552,43.00969166666667
-4.000176090909091,2.947011,0.20225409999999996,33.443356,43.093071666666944
-3.999920363636363,2.9410477,0.1966863181818182,33.467247,43.17646999999997
-4.000247636363636,2.9350481,0.19113555454545456,33.467247,43.259833333333276
-4.000247636363636,2.9350481,0.19113555454545456,33.523758,43.259835000000024
-3.999942454545454,2.9277115,0.1855746636363636,33.523758,43.34319333333357
-3.999942454545454,2.9277115,0.1855746636363636,33.580822,43.34319499999983
-3.999939363636363,2.9206696,0.18001690909090912,33.524509,43.426575000000106
-3.999906454545454,2.9130039,0.17445584545454548,33.598637,43.50993666666667
-4.000010909090909,2.9048777,0.1688998272727272,33.647919,43.59341333333335
-4.0003958181818176,2.8962631,0.1633284181818182,33.643753,43.67683333333358
-3.999942454545454,2.8871174,0.15776963636363633,33.643753,43.760353333333235
-3.999942454545454,2.8871174,0.15776963636363633,33.696075,43.76035499999998
-3.9997850909090906,2.8771086,0.15219573636363634,33.737179,43.84383999999991
-4.000159181818182,2.8770905,0.15219573636363634,33.737179,43.8440300000002
-3.999739545454545,2.8670321,0.14696840909090905,33.737179,43.92233500000002
-3.999739545454545,2.8670321,0.14696840909090905,33.713886,43.922336666666766
-4.000205545454546,2.8570194,0.14199098181818182,33.80846,43.99704666666658
-3.9997365454545455,2.8469992,0.1373578636363636,33.794247,44.06651166666658
-4.000410636363636,2.8369408,0.1329669,33.794247,44.13227166666669
-4.000410636363636,2.8369408,0.1329669,33.808075,44.13227333333343
-4.000154818181818,2.8268738,0.12879186363636363,33.808075,44.19503499999992
-4.000154818181818,2.8268738,0.12879186363636363,33.86908,44.19503666666666
-3.9997248181818175,2.816803,0.12488211818181816,33.859814,44.25358500000002
-3.99976509090909,2.8067856,0.12113011818181817,33.848824,44.309858333333494
-3.9999584545454545,2.7967691,0.11762780000000002,33.854679,44.3624000000001
-4.000035636363636,2.7867537,0.11427493636363638,33.854679,44.4127383333335
-4.000035636363636,2.7867537,0.11427493636363638,33.892765,44.41274000000024
-4.000016545454545,2.7764826,0.11103558181818184,33.922897,44.4613466666667
-3.999883454545454,2.7664499,0.10790671818181818,33.922897,44.50820999999996
-3.999883454545454,2.7664499,0.10790671818181818,33.924622,44.50821166666671
-4.000014363636364,2.7564106,0.10493071818181819,33.938797,44.55279833333334
-3.999983636363636,2.7463436,0.10213601818181821,33.938797,44.59477166666669
-3.999983636363636,2.7463436,0.10213601818181821,34.039021,44.594773333333436
-4.000055545454545,2.7361021,0.09943364545454544,33.994709,44.63527166666657
-4.000090272727272,2.7260323,0.09681174545454543,34.066105,44.67470333333331
-4.000166545454545,2.7160206,0.09431339090909086,34.066105,44.7121650000001
-4.000166545454545,2.7160206,0.09431339090909086,34.046028,44.71216666666684
-3.999836636363636,2.7059288,0.09194530000000004,34.046028,44.747595000000246
-4.000289181818181,2.6957073,0.08964769999999996,34.046028,44.78219833333326
-4.000289181818181,2.6957073,0.08964769999999996,34.074051,44.78220000000001
-3.9998197272727274,2.6855707,0.08739773636363639,34.061943,44.815810000000056
-3.9999277272727274,2.6755095,0.0852607454545455,34.092041,44.84795499999988
-3.999963636363636,2.6654387,0.08320997272727271,34.092041,44.87876499999984
-4.000138818181817,2.6554356,0.08127492727272725,34.092041,44.907758333333184
-4.000138818181817,2.6554356,0.08127492727272725,34.10302,44.90775999999993
-4.000229818181817,2.6453629,0.07937603636363633,34.10302,44.9362400000003
-3.9998748181818176,2.6352959,0.07754769090909087,34.168179,44.96356166666665
-4.000255454545454,2.6252041,0.07576924545454544,34.168179,44.99033500000029
-3.999981454545454,2.6151581,0.0740747454545455,34.168179,45.015708333333414
-4.000208636363636,2.6051559,0.0724462909090909,34.160797,45.040083333333314
-3.999853545454545,2.5951462,0.07087397272727275,34.160797,45.063743333333214
-4.000145272727273,2.5851002,0.06938119999999996,34.190914,45.08616333333339
-4.0002011818181815,2.5750532,0.06791850909090906,34.190914,45.10804166666688
-4.000026090909091,2.564929,0.06650462727272725,34.190914,45.129311666666766
-4.000026090909091,2.564929,0.06650462727272725,34.221939,45.129313333333506
-4.000189545454545,2.5547466,0.06513556363636364,34.221939,45.14973833333352
-3.9999415454545453,2.5447111,0.06384035454545456,34.221939,45.1694683333335
-3.9997968181818178,2.5345955,0.0625528909090909,34.210777,45.18865500000005
-3.999758636363636,2.5245342,0.06133826363636362,34.210777,45.20679166666669
-4.0001856363636366,2.5145102,0.06016870909090905,34.238792,45.22435333333318
-3.9999849090909088,2.5042686,0.05902375454545456,34.238792,45.241509999999835
-4.000079818181818,2.4942293,0.05791397272727271,34.238792,45.25810166666682
-4.000073363636363,2.484189,0.05687555454545457,34.278946,45.27366999999989
-3.9999601818181816,2.4740839,0.05586292727272724,34.278946,45.288888333333304
-3.999816727272727,2.4640188,0.05486741818181822,34.278946,45.30381166666678
-3.9998791818181814,2.4538937,0.053907190909090866,34.278946,45.31825666666652
-3.999919,2.4438324,0.05294294545454542,34.35202,45.33276666666691
-4.000297454545454,2.4337959,0.051987181818181724,34.35202,45.346953333333175
-4.000179999999999,2.423686,0.051027272727272734,34.35202,45.36142499999987
-3.999883454545454,2.4135551,0.051027272727272734,34.331734,45.37657333333336
-4.000240272727273,2.403511,0.04896490909090904,34.331734,45.3923583333332
-3.9998240909090907,2.3934345,0.047798727272727194,34.331734,45.409833333333275
-4.000150545454545,2.3834238,0.046522272727272634,34.331734,45.428985000000104
-4.000150545454545,2.3834238,0.046522272727272634,34.348804,45.42898666666685
-3.9999402727272724,2.3733311,0.045138818181818176,34.348804,45.44974666666676
-3.999889545454545,2.3632145,0.04372790909090908,34.412201,45.471074999999836
-4.000151818181817,2.3531485,0.042379545454545434,34.412201,45.491186666666664
-3.999930727272727,2.3429375,0.04110999999999996,34.433022,45.51015500000018
-3.9998704545454546,2.3328171,0.040029818181818264,34.433022,45.52637333333357
-3.9999341818181815,2.3227949,0.0390759999999999,34.433022,45.54077166666684
-3.999812363636363,2.3126631,0.03820918181818188,34.433022,45.55374833333335
-3.999982727272727,2.3025522,0.037416272727272694,34.433022,45.5656733333332
-3.999982727272727,2.3025522,0.037416272727272694,34.402924,45.56567499999995
-4.0000659999999995,2.2924337,0.037416272727272694,34.402924,45.576363333333575
-4.000234999999999,2.2824326,0.03605372727272722,34.402924,45.58605000000001
-3.9999467272727274,2.2722931,0.03543936363636358,34.402924,45.595178333333266
-4.0000018181818175,2.2621307,0.03543936363636358,34.402924,45.60359666666675
-4.0000018181818175,2.2621307,0.03543936363636358,34.413895,45.6035983333335
-4.000082,2.251853,0.03434709090909099,34.413895,45.61161666666691
-4.000140090909091,2.2417526,0.03434709090909099,34.413895,45.61892333333332
-3.9998197272727274,2.2316856,0.03434709090909099,34.413895,45.62580333333317
-3.9998379999999996,2.2214537,0.03297100000000002,34.413895,45.632311666666645
-3.999816727272727,2.2110987,0.03297100000000002,34.413895,45.63858500000012
-3.9995630909090907,2.200737,0.03215727272727281,34.413895,45.64455833333341
-4.000017454545454,2.1905947,0.03215727272727281,34.413895,45.650125000000116
-4.000017454545454,2.1905947,0.03215727272727281,34.480881,45.650126666666864
-3.99991509090909,2.1799335,0.03215727272727281,34.480881,45.65547333333331
-4.000312181818181,2.1696682,0.031085454545454597,34.480881,45.66054000000004
-4.000324727272727,2.1595783,0.031085454545454597,34.480881,45.66521833333342
-4.0000018181818175,2.1494284,0.031085454545454597,34.480881,45.669733333333475
-4.00021809090909,2.1388054,0.031085454545454597,34.480881,45.67417833333359
-4.000350363636364,2.1282978,0.029888999999999912,34.480881,45.67847999999989
-4.0001240909090905,2.1181507,0.029888999999999912,34.480881,45.68240666666679
-3.999920363636363,2.1079922,0.029888999999999912,34.480881,45.686188333333604
-4.0000373636363635,2.0972061,0.029888999999999912,34.480881,45.68987333333352
-4.000134909090908,2.08634,0.029888999999999912,34.480881,45.69354000000021
-4.000086363636363,2.07623,0.02867845454545457,34.480881,45.69685000000027
-3.9999719090909087,2.0659723,0.02867845454545457,34.472755,45.70004666666694
-3.9999402727272724,2.0557709,0.02867845454545457,34.472755,45.703023333333356
-4.000128363636364,2.0452929,0.02867845454545457,34.472755,45.70598166666653
-4.000098909090909,2.0351143,0.02867845454545457,34.472755,45.70873999999991
-4.000186454545454,2.0245905,0.027688000000000053,34.472755,45.71156666666696
-3.9998400909090908,2.0140972,0.027688000000000053,34.472755,45.71418000000025
-4.000202545454545,2.0034819,0.027688000000000053,34.472755,45.71679333333353
-3.999425727272727,2.0414448,0.027688000000000053,34.472755,45.718448333333555
-3.9996571818181814,2.02878,0.027688000000000053,34.472755,45.718859999999886
-3.999913818181818,2.0180883,0.027688000000000053,34.472755,45.719231666666744
-4.000020454545455,2.0079412,0.027688000000000053,34.472755,45.71983333333337
-3.9805849999999996,1.9979162,0.027688000000000053,34.472755,45.72132833333356
-2.240526909090909,1.9995985,0.022976999999999984,34.497734,45.80480833333325
-1.5872426363636363,1.9995852,0.020379363636363713,34.563957,45.88817166666656
-1.2874013636363635,1.9996538,0.018401272727272693,34.563957,45.97167833333321
-1.2874013636363635,1.9996538,0.018401272727272693,34.610111,45.97167999999996
-1.128657090909091,1.9996138,0.016734454545454473,34.610111,46.05504166666651
-1.128657090909091,1.9996138,0.016734454545454473,34.630924,46.05504333333326
-1.0199356363636363,2.0000792,0.015243999999999912,34.630924,46.13840333333356
-1.0199356363636363,2.0000792,0.015243999999999912,34.664803,46.1384050000003
-0.9319435454545454,1.9996881,0.013887363636363548,34.664803,46.221860000000255
-0.9319435454545454,1.9996881,0.013887363636363548,34.758049,46.22186166666652
-0.851840109090909,1.9999399,0.012646999999999972,34.779045,46.30534333333344
-0.7782181818181818,2.0001459,0.011514545454545513,34.797764,46.388704999999995
-0.7103642545454545,2.0000086,0.010480090909090946,34.797764,46.47221333333339
-0.7103642545454545,2.0000086,0.010480090909090946,34.84692,46.47221500000014
-0.6457458818181817,1.9996262,0.009537363636363714,34.921028,46.555621666666894
-0.5849127363636364,1.9996252,0.008683909090909053,34.914787,46.63898333333346
-0.5278760727272727,1.9998913,0.007911181818181763,34.914787,46.72234500000001
-0.5278760727272727,1.9998913,0.007911181818181763,34.999882,46.72234666666676
-0.47362500909090904,1.9995899,0.007215727272727305,34.999882,46.805761666666754
-0.47362500909090904,1.9995899,0.007215727272727305,35.072845,46.8057633333335
-0.42413451818181813,1.9997272,0.006591636363636365,35.072845,46.8892333333332
-0.42413451818181813,1.9997272,0.006591636363636365,35.159939,46.88923499999995
-0.37929361818181817,1.9996567,0.006035090909090954,35.183941,46.972571666666774
-0.33743684545454544,1.9996405,0.005537545454545474,35.20966,47.055961666666555
-0.2996583454545454,2.0003538,0.005095999999999989,35.294853,47.13929833333338
-0.2658601272727273,2.0002689,0.004703090909090803,35.294853,47.22263833333321
-0.2658601272727273,2.0002689,0.004703090909090803,35.336613,47.222639999999956
-0.23719440909090908,1.9998913,0.004352181818181714,35.388557,47.30608666666667
-0.2118344727272727,2.0001802,0.004040545454545473,35.441433,47.38959666666681
-0.18989042727272726,1.9996862,0.003760909090909143,35.526222,47.473079999999996
-0.1710362909090909,1.9996872,0.0035109090909091196,35.661224,47.55645833333353
-0.1542446818181818,1.9998541,0.0032850909090909037,35.661224,47.6400033333334
-0.1542446818181818,1.9998541,0.0032850909090909037,35.646671,47.64000500000014
-0.14078139999999997,2.0000057,0.0030801818181818755,35.688789,47.72334833333346
-0.12876510909090907,2.0001392,0.002893090909090936,35.688789,47.8066883333333
-0.12876510909090907,2.0001392,0.002893090909090936,35.756725,47.80669000000004
-0.11898300909090909,1.999836,0.0027211818181817967,35.756725,47.89006333333334
-0.11898300909090909,1.999836,0.0027211818181817967,35.839401,47.89006500000008
-0.11077360909090908,1.9995766,0.0025623636363635393,35.839401,47.973556666666504
-0.11077360909090908,1.9995766,0.0025623636363635393,35.902237,47.97355833333325
-0.10191743636363636,2.0004072,0.002414636363636409,35.902237,48.05689999999983
-0.10191743636363636,2.0004072,0.002414636363636409,35.930912,48.056901666666576
-0.09535182727272727,2.00037,0.002276090909090806,35.989029,48.14039
-0.09037104545454545,2.0000162,0.0021462727272727263,35.989029,48.223891666666894
-0.09037104545454545,2.0000162,0.0021462727272727263,36.091824,48.22389333333364
-0.08631619545454546,2.0000286,0.002023363636363533,36.209507,48.307345000000105
-0.08131200636363635,2.0000715,0.0019069090909090197,36.209507,48.390716666666655
-0.08131200636363635,2.0000715,0.0019069090909090197,36.226299,48.3907183333334
-0.07829492727272726,2.0000076,0.0017958181818182467,36.369205,48.474198333333575
-0.07450797363636363,2.0000668,0.0016897272727273652,36.459682,48.55756000000013
-0.07237260999999999,1.9996243,0.00158727272727275,36.557301,48.64093666666692
-0.06942575636363636,2.0001612,0.0014892727272726573,36.557301,48.72429000000023
-0.06942575636363636,2.0001612,0.0014892727272726573,36.623222,48.72429166666698
-0.06746812272727272,1.9999437,0.0013941818181817387,36.687672,48.80775833333318
-0.06509780909090908,1.9997473,0.0013022727272726797,36.687672,48.89115499999995
-0.06509780909090908,1.9997473,0.0013022727272726797,36.789387,48.891156666666696
-0.0632329418181818,1.999917,0.0012135454545454797,36.938717,48.974505000000256
-0.06053924545454544,2.0002832,0.0011276363636362901,36.938717,49.057906666666774
-0.06053924545454544,2.0002832,0.0011276363636362901,37.093861,49.05790833333352
-0.05802414636363636,2.0002785,0.0010442727272726286,37.093861,49.141280000000066
-0.05802414636363636,2.0002785,0.0010442727272726286,37.179298,49.14128166666681
-0.05689274181818182,1.9999647,0.0009630000000000875,37.179298,49.22478166666697
-0.05689274181818182,1.9999647,0.0009630000000000875,37.384392,49.22478333333323
-0.05542234909090909,1.9999428,0.0008842727272726704,37.545204,49.30824333333342
-0.05415656363636363,1.9999304,0.0008077272727273361,37.545204,49.39166333333318
-0.05415656363636363,1.9999304,0.0008077272727273361,37.794518,49.39166499999992
-0.05300695272727272,2.0000305,0.0007332727272727187,37.794518,49.4751450000001
-0.05300695272727272,2.0000305,0.0007332727272727187,37.900906,49.475146666666845
-0.05057855090909091,2.0001888,0.0006609090909090201,38.059837,49.558610000000044
-0.049250342727272724,2.0004187,0.0005908181818181646,38.059837,49.642028333333535
-0.049250342727272724,2.0004187,0.0005908181818181646,38.182674,49.64203000000028
-0.04769585363636363,2.0001078,0.0005226363636363034,38.31361,49.72548500000024
-0.046732642727272726,2.0002813,0.0004568181818182475,38.31361,49.80899166666689
-0.046732642727272726,2.0002813,0.0004568181818182475,38.346275,49.80899333333364
-0.04600091454545454,1.9997377,0.0003926363636362996,38.414776,49.89232999999998
-0.04421407545454545,2.0001669,0.00033054545454547224,38.527225,49.975744999999975
-0.042813908181818176,2.0002232,0.0002701818181817149,38.527225,50.05923833333363
-0.042813908181818176,2.0002232,0.0002701818181817149,38.530022,50.059239999999896
-0.04113977636363636,2.0003071,0.00021145454545446927,38.545795,50.14264000000015
-0.040435790909090906,1.9996471,0.00015463636363641987,38.545795,50.22613666666681
-0.040435790909090906,1.9996471,0.00015463636363641987,38.623322,50.22613833333356
-0.039465644545454544,2.0000381,9.945454545447838e-05,38.646198,50.30957500000029
-0.03749153818181818,2.0001268,4.6090909090972844e-05,38.610184,50.392968333333556
-0.036657506363636364,1.9997263,0.0,38.670029,50.47632000000012
-0.036146857272727276,1.9998255,0.0,38.529686,50.559796666666806
-0.03440076636363636,2.000329,0.0,38.529686,50.64321000000006
-0.03440076636363636,2.000329,0.0,38.539997,50.64321166666681
-0.03405310909090909,1.9996586,0.0,38.444454,50.7267266666667
-0.03266161181818182,2.000083,0.0,38.441803,50.810218333333616
-0.03093112636363636,2.0003805,0.0,38.441803,50.89361499999989
-0.03093112636363636,2.0003805,0.0,38.388134,50.89361666666664
-0.030014731818181817,2.0002413,0.0,38.388134,50.97697999999994
-0.030014731818181817,2.0002413,0.0,38.346638,50.97698166666669
-0.029485876363636365,2.0001526,0.0,38.346638,51.06046499999987
-0.029485876363636365,2.0001526,0.0,38.3008,51.06046666666661
-0.028967423636363634,1.9999294,0.0,38.262341,51.143970000000266
-0.028120387272727268,1.9997263,0.0,38.250484,51.22752500000012
-0.026570233636363634,2.0000162,0.0,38.09724,51.310871666666934
-0.025486512727272728,2.0003233,0.0,38.09724,51.394325000000144
-0.025486512727272728,2.0003233,0.0,38.057983,51.39432666666689
-0.025481310909090907,2.0001526,0.0,37.918163,51.477703333333196
-0.024979330909090908,1.9999504,0.0,37.918163,51.56114500000015
-0.024979330909090908,1.9999504,0.0,37.864429,51.5611466666669
-0.024101950909090907,1.9997168,0.0,37.864429,51.644570000000144
-0.024101950909090907,1.9997168,0.0,37.777035,51.64457166666689
-0.022902921818181814,2.0002193,0.0,37.777035,51.69509166666685
-0.022902921818181814,2.0002193,0.0,37.719315,51.695093333333595
-0.022902921818181814,2.0018263,0.0,37.719315,51.69622166666668
-0.022902921818181814,2.0118322,0.0,37.719315,51.70606000000019
0.0,2.0182953,0.0,37.719315,51.71294500000028
